536316 22632 HAND 6 20100101 1.85 17850 UnitedKingdom
536341 84879 ASSORTED 32 20110502 1.69 13047 UnitedKingdom
536321 22745 POPPY 6 20100203 2.1 13047 UnitedKingdom
C536367 22748 POPPY 6 20110404 2.1 13047 UnitedKingdom
536331 22749 FELTCRAFT 8 20100305 3.75 13047 UnitedKingdom
483944 22310 IVORY 6 20110306 1.65 13047 UnitedKingdom
536355 84969 BOX 6 20100407 4.25 13047 UnitedKingdom
589469 22623 BOX 3 20110208 4.95 13047 UnitedKingdom
536376 22622 VINTAGE 2 20100509 9.95 13047 UnitedKingdom
536387 21754 BLOCK 3 20110110 5.95 13047 UnitedKingdom
56399 POST LOVE 3 20100611 5.95 13047 UnitedKingdom
536309 21777 RECIPE 4 20111212 7.95 13047 UnitedKingdom
536310 48187 DOORMAT 4 20100713 7.95 13047 UnitedKingdom
536821 DOT DOORMAT 4 20111114 7.95 13047 UnitedKingdom
536332 84969 BOX 6 20100815 4.25 13047 UnitedKingdom
536343 84969 NextDayCarriage 8 20111016 3.75 13047 UnitedKingdom
536354 M HighResolutionImage 8 20100917 3.75 13047 UnitedKingdom
536365 84969 BOX 6 20110918 0.00 13047 UnitedKingdom
536976 M NextDayCarriage 8 20101019 0.00 13047 UnitedKingdom
536187 84969 HighResolutionImage 8 20110820 0.00 13047 UnitedKingdom
536398 DOT DOORMAT 4 20101121 7.95 13047 UnitedKingdom
536399 84969 BOX 6 20110722 4.25 13047 
536320 84969 NextDayCarriage 8 20101223 3.75 13047 
536317 84969 HighResolutionImage 8 20110624 3.75 13047 UnitedKingdom
536306 22632 HAND 6 20100125 1.85 17850 UnitedKingdom
536531 84879 ASSORTED 32 20110526 1.69 13047 UnitedKingdom
536342 22745 POPPY 6 20100227 2.1 13047 UnitedKingdom
C586567 22748 POPPY 6 20110428 2.1 13042 UnitedKingdom
536381 22749 FELTCRAFT 8 20100301 3.75 13042 UnitedKingdom
483964 22310 IVORY 6 20110302 1.65 13043 UnitedKingdom
536375 84969 BOX 6 20100403 4.25 13044 UnitedKingdom
589489 22623 BOX 3 20110204 4.95 13045 UnitedKingdom
536396 22622 VINTAGE 2 20100505 9.95 13045 UnitedKingdom
536307 21754 BLOCK 3 20110106 5.95 13046 UnitedKingdom
536318 POST LOVE 3 20100607 5.95 13048 UnitedKingdom
536329 21777 RECIPE 4 20111208 7.95 13048 UnitedKingdom
536330 48187 DOORMAT 4 20100709 7.95 13048 UnitedKingdom
536347 DOT DOORMAT 4 20111110 7.95 13049 UnitedKingdom
536357 84969 BOX 6 20100811 4.25 13049 UnitedKingdom
536367 84969 NextDayCarriage 8 20111012 3.75 13049 UnitedKingdom
536397 M HighResolutionImage 8 20100913 3.75 13049 UnitedKingdom
536167 84969 BOX 6 20110914 0.00 13041 UnitedKingdom
536367 M NextDayCarriage 8 20101015 0.00 13042 UnitedKingdom
536467 84969 HighResolutionImage 8 20110816 0.00 13042 UnitedKingdom
536567 DOT DOORMAT 4 20101017 7.95 13042 UnitedKingdom
536667 84969 BOX 6 20110718 4.25 13045 
536767 84969 NextDayCarriage 8 20101119 3.75 13045 
536867 84969 HighResolutionImage 8 20110620 3.75 13046 UnitedKingdom
536397 M HighResolutionImage 8 20101221 3.75 13049 UnitedKingdom
536167 84969 BOX 6 20110522 0.00 13041 UnitedKingdom
536367 M NextDayCarriage 8 20100123 0.00 13042 UnitedKingdom
536467 84969 HighResolutionImage 8 2011024 0.00 13042 UnitedKingdom
536310 48187 DOORMAT 4 20100224 7.95 13047 UnitedKingdom
536821 DOT DOORMAT 4 20110326 7.95 13047 UnitedKingdom
536332 84969 BOX 6 20100324 4.25 13047 UnitedKingdom
536343 84969 NextDayCarriage 8 20110228 3.75 13047 UnitedKingdom
536354 M HighResolutionImage 8 20100401 3.75 13047 UnitedKingdom
536365 84969 BOX 6 20110102 0.00 13047 UnitedKingdom
483964 22310 IVORY 6 20110302 1.65 13043 UnitedKingdom
536317 84969 HighResolutionImage 8 20110624 3.75 13047 UnitedKingdom
536318 POST LOVE 3 20100607 5.95 13048 UnitedKingdom
536329 21777 RECIPE 4 20111208 7.95 13048 UnitedKingdom
536330 48187 DOORMAT 4 20100709 7.95 13048 UnitedKingdom
536347 DOT DOORMAT 4 20111110 7.95 13049 UnitedKingdom
536357 84969 BOX 6 20100811 4.25 13049 UnitedKingdom


